################################################################
#  Camera path file:                                           #
#                                                              #
#    Index: index of the current view                          #
#    pos  : postion of the camera                              #
#    view : direction of the camera                            #
#    up   : axis of the camera                                 #
#                                                              #
# Index pos.x pos.y pos.z view.x view.y view.z up.x up.y up.z  #
################################################################

      0   2048  512  2048     512 512 512    0.0000 1.0000 0.0000 
    128   2684  512   512     512 512 512    0.0000 1.0000 0.0000 
    256   2048  512 -1024     512 768 512    0.0000 1.0000 0.0000 
    384    512  512 -1660     512 768 512    0.0000 1.0000 0.0000 
    512  -1024  512 -1024     512 512 512    0.0000 1.0000 0.0000 
    640  -1660  512   512     512 512 512    0.0000 1.0000 0.0000 
    768  -1024  512  2048     512 256 512    0.0000 1.0000 0.0000 
    896    512  512  2684     512 256 512    0.0000 1.0000 0.0000 
   1024   2048  512  2048     512 512 512    0.0000 1.0000 0.0000 
   1152   2048  512  2048     512 768 512    0.0000 1.0000 0.0000 
   1280   2048  512  2048     512 512 512    0.0000 1.0000 0.0000 
   1408   2048  512  2048     512 256 512    0.0000 1.0000 0.0000 
   1536   2048  512  2048     512 512 512    0.0000 1.0000 0.0000 


